-4.28133096191,4.52923845036
-4.67314206709,4.88899952285
-5.04550394009,5.23344260074
-5.41338026704,5.57693292516
-5.78223082111,5.92435076606
-6.15059269523,6.27181471353
-6.51610753564,6.6164449385
-6.88391193938,6.96485976029
-7.25040958617,7.31252525947
-7.61469527066,7.66133200806
-7.97840332773,8.00882954401
-8.34106085485,8.35559453533
-8.70580710165,8.70378943482
-9.06959863299,9.05155532565
-9.44611743816,9.3888781596
-9.86381209567,9.66530789472
-10.2946900411,9.92663290285
-10.7547055615,10.127237672
-11.2516092591,10.219833547
-11.7558820128,10.2163790175
-12.2554570195,10.1843254937
-12.7550773777,10.1415403987
-13.2581356247,10.0916878196
-13.7544658239,10.0092031063
-14.2494533074,9.90714747715
-14.740126115,9.78467551985
-15.2200565189,9.63718967623
-15.6836017361,9.44944188479
-16.1793352819,9.13554032264
-16.5471591679,8.78895747548
-16.9016822633,8.430392615
-17.2510495502,8.06782518165
-17.5920890013,7.7011267033
-17.908716359,7.30425749344
-18.1794520099,6.87504828121
-18.3425423842,6.39758681985
-18.4597130043,5.90510285854
-18.5753086937,5.41239493868
-18.6762771322,4.91782785549
-18.7489295127,4.42085785426
-18.7295386408,3.91585596868
-18.6286145226,3.42609038896
-18.4889451594,2.94442313626
-18.3402510665,2.45914858743
-18.1651833064,1.98173053624
-17.917689814,1.53909444871
-17.6103012576,1.14390040771
-17.2746824236,0.759957962994
-16.9397679965,0.379879540612
-16.6030792642,-0.003432319876
-16.265386381,-0.385045219685
-15.9333060816,-0.765977673427
-15.5935133251,-1.14582953357
-15.2535696899,-1.53204274211
-14.9162828613,-1.90505228474
-14.5841520484,-2.27919748192
-14.2426853609,-2.65161652809
-13.9058030585,-3.02447784377
-13.5592285516,-3.39716801304
-13.2061298629,-3.7726998306
-12.8551641181,-4.14945676596
-12.5095789364,-4.51741637164
-12.1674001803,-4.88609500664
-11.8185885992,-5.25294766609
-11.4665025658,-5.62697515452
-11.1094239069,-6.00738244578
-10.7652621831,-6.37127197707
-10.4227204733,-6.73744260389
-10.0761026779,-7.10883028228
-9.73479994191,-7.4745851353
-9.39070776466,-7.84432867941
-9.04218597345,-8.21795166945
-8.69976337539,-8.58577654114
-8.35697387967,-8.95048233411
-7.93867952829,-9.2295296082
-7.50932472726,-9.49082110913
-7.0442698254,-9.69808616556
-6.59147342626,-9.91800041666
-6.12305987495,-10.0994844911
-5.64460300737,-10.2530422005
-5.14807728273,-10.3545272474
-4.64190114868,-10.3872021436
-4.14736426841,-10.2993687011
-3.6829770276,-10.107375025
-3.22241391556,-9.88335422092
-2.77209139035,-9.65256322087
-2.32361889666,-9.4223400199
-1.87712249063,-9.18450984964
-1.43310296979,-8.94064576017
-1.00535316731,-8.6708922936
-0.619503443152,-8.34540500593
-0.248876468681,-7.99287130764
0.0925035645565,-7.6192559671
0.404324749525,-7.22192488241
0.653979974184,-6.7859917148
0.859967649443,-6.32875982521
1.01697198076,-5.84970727505
1.12420055909,-5.34282448437
1.17197752058,-4.83953116234
1.17258321287,-4.33681151259
1.12572844672,-3.8347976101
1.05987314844,-3.32982384925
0.985133797519,-2.83289289116
0.885343076751,-2.33950926164
0.752171811076,-1.8539721239
0.582025140965,-1.382970678
0.362465112003,-0.932170047864
0.0759059899515,-0.516396477314
-0.228722647928,-0.11543105313
-0.538094153901,0.281595569448
-0.851707050601,0.671762395801
